0.868
0.927
0.818
0.762
0.831
0.953
0.832
0.794
0.829
0.869
0.913
0.772
0.629
0.842
0.847
0.932
0.847
0.781
0.654
0.899
0.737
0.674
0.698
0.967
0.724
0.886
0.722
0.86
0.942
0.738
0.741
0.701
0.8
0.861
0.736
0.708
0.704
0.679
0.765
0.617
0.841
0.825
0.624
0.578
0.793
0.782
0.761
0.694
0.643
0.649
0.789
0.547
0.497
0.73
0.758
0.738
0.395
0.748
0.838
0.709
0.638
0.647
0.479
0.683
0.568
0.465
0.789
0.581
0.598
0.83
0.42
0.673
0.534
0.756
0.749
0.517
0.362
0.564
0.487
0.57
0.409
0.568
0.689
0.517
0.653
0.505
0.697
0.69
0.41
0.454
0.717
0.992
0.551
0.71
0.814
0.503
0.396
0.467
0.585
0.627
0.652
0.663
0.532
0.589
0.616
0.707
0.502
0.444
0.667
0.529
0.794
0.509
0.649
0.761
0.655
0.719
0.805
0.571
0.776
0.523
0.49
0.768
0.945
0.722
0.487
0.631
0.568
0.598
0.669
0.392
0.355
0.489
0.558
0.58
0.378
0.528
0.466
0.489
0.456
0.397
0.75
0.552
0.476
0.366
0.25
0.966
0.586
0.587
0.578
0.625
0.414
0.786
0.815
0.269
0.213
0.736
0.266
0.515
0.411
0.647
0.501
0.423
0.538
0.658
0.417
0.377
0.607
0.418
0.404
0.422
0.236
0.487
0.654
0.818
0.292
0.313
0.264
0.455
0.37
0.347
0.239
0.609
0.458
0.157
0.596
0.363
0.395
0.207
0.514
0.272
0.144