0.667
0.649
0.624
0.292
0.609
0.694
0.818
0.782
0.456
0.487
0.638
0.658
0.869
0.551
0.423
0.730
0.776
0.529
0.689
0.313
0.534
0.490
0.409
0.362
0.414
0.616
0.581
0.420
0.607
0.932
0.627
0.355
0.669
0.861
0.377
0.378
0.454
0.157
0.945
0.772
0.805
0.710
0.748
0.479
0.942
0.509
0.617
0.392
0.860
0.552
0.913
0.514
0.397
0.886
0.272
0.269
0.517
0.679
0.523
0.701
0.738
0.793
0.144
0.653
0.347
0.899
0.758
0.489
0.830
0.250
0.564
0.266
0.236
0.841
0.697
0.396
0.643
0.207
0.467
0.213
0.761
0.503